Carrefour
DATA/icones/supermercats/Carrefour.png
23
"Pollastre" "Pit de pollastre" 6.99 "DATA/icones/productes/pollastre.jpg"
"Vinagre" "Vinagre balsàmic de mòdena" 4.87 "DATA/icones/productes/vinagre.png"
"Tomàquet" "Tomàquet de pera" 2.89 "DATA/icones/productes/tomaquet.jpg"
"Enciam" "Enciam iceberg" 1.99 "DATA/icones/productes/enciam.png"
"Banana" "Arròs integral" 8.79 "DATA/icones/productes/banana.jpg"
"Olives Negres" "Olives blanques i salades de la regió" 1.99 "DATA/icones/productes/olivas_negras.jpg"
"Cava" "Vi escumós català, fresc i afruitat" 8.99 "DATA/icones/productes/cava.jpg"
"Botifarra" "Botifarra de porc amb espècies." 5.5 "DATA/icones/productes/botifarra.jpg"
"Tortell de Reis" "Pastís festiu farcit de massapà" 10.99 "DATA/icones/productes/tortell-reis.jpg"
"Xocolata" "Xocolata espessa" 2.79 "DATA/icones/productes/xocolata.jpg"
"Formatge Manchego" "Formatge curat amb gust intens" 7.5 "DATA/icones/productes/formatge-manchego.jpg"
"Cervesa" "Cervesa lleugera" 1.25 "DATA/icones/productes/cerveza.jpg"
"Calçots" "Ceba dolça típica de la calçotada" 3.5 "DATA/icones/productes/calcots.jpg"
"Mantega" "Mantega suau" 2.1 "DATA/icones/productes/mantega.jpg"
"Churros" "Pastissets fregits dolços per a xocolata" 2.5 "DATA/icones/productes/churros.jpeg"
"Vermut" "Aperitiu" 6.99 "DATA/icones/productes/vermut.jpg"
"Turró" "Nougat tradicional amb ametlles i mel" 8.0 "DATA/icones/productes/turron.jpg"
"Pèsols" "Frescos i dolços" 2.2 "DATA/icones/productes/pesols.jpg"
"Cebes" "Cebes amb gust fort i versàtils" 1.5 "DATA/icones/productes/ceba.jpeg"
"Sopa de verdures" "Caldo saborós de verdures" 4.5 "DATA/icones/productes/caldo-verduras.jpg"
"Coca-Cola" "Beguda dolça carbonatada clàssica" 1.2 "DATA/icones/productes/coca-cola.jpg"
"Gelat" "Gelat cremos i dolç" 1.0 "DATA/icones/productes/helado.jpg"
"Peres" "Peres dolces i sucoses" 2.3 "DATA/icones/productes/pera.jpeg"
-1 14 19 22 33 33 30 34 35 32 24 24 45 56 63 54 59 57 64 80 96 64 70
14 -1 15 15 21 19 16 21 23 19 11 13 31 42 48 40 45 44 53 69 86 56 58
19 15 -1 4 16 23 25 31 36 32 24 27 36 51 56 45 50 55 64 81 99 70 68
22 15 4 -1 13 20 22 29 34 30 22 26 33 48 52 42 46 53 62 79 97 69 65
33 21 16 13 -1 12 19 25 31 28 23 28 24 39 43 31 35 46 56 74 92 67 57
33 19 23 20 12 -1 8 14 20 17 14 20 13 28 33 22 26 34 44 61 80 55 46
30 16 25 22 19 8 -1 7 13 9 7 12 15 26 33 24 29 31 40 57 75 49 43
34 21 31 29 25 14 7 -1 6 4 10 11 15 22 29 23 28 24 33 50 68 41 37
35 23 36 34 31 20 13 6 -1 4 12 11 20 23 30 27 31 22 30 46 64 36 35
32 19 32 30 28 17 9 4 4 -1 8 9 19 24 32 26 31 25 33 50 68 40 38
24 11 24 22 23 14 7 10 12 8 -1 5 22 31 38 31 36 33 41 58 76 47 46
24 13 27 26 28 20 12 11 11 9 5 -1 26 33 40 34 39 33 40 56 73 44 46
45 31 36 33 24 13 15 15 20 19 22 26 -1 16 19 9 14 24 34 51 70 50 34
56 42 51 48 39 28 26 22 23 24 31 33 16 -1 8 12 14 11 19 36 55 39 18
63 48 56 52 43 33 33 29 30 32 38 40 19 8 -1 12 10 16 23 38 56 45 18
54 40 45 42 31 22 24 23 27 26 31 34 9 12 12 -1 5 23 31 48 66 50 29
59 45 50 46 35 26 29 28 31 31 36 39 14 14 10 5 -1 24 32 49 66 53 28
57 44 55 53 46 34 31 24 22 25 33 33 24 11 16 23 24 -1 9 28 46 29 13
64 53 64 62 56 44 40 33 30 33 41 40 34 19 23 31 32 9 -1 18 36 23 10
80 69 81 79 74 61 57 50 46 50 58 56 51 36 38 48 49 28 18 -1 19 23 21
96 81 99 97 92 80 75 68 64 68 76 73 70 55 56 66 66 46 36 19 -1 33 38
64 56 70 69 67 55 49 41 36 40 47 44 50 39 45 50 53 29 23 23 33 -1 32
70 58 68 65 57 46 43 37 35 38 46 46 34 18 18 29 28 13 10 21 38 32 -1
96 20,80 19,70 22,64 18,64 21,63 14,59 16,57 17,56 13,54 15,45 12,35 8,34 7,33 4,33 4,33 4,33 4,33 4,33 5,32 9,30 6,24 10,24 11,22 3,22 3,22 3,19 2,19 2,19 2,14 1
86 20,69 19,58 22,56 21,53 18,48 14,45 16,44 17,42 13,40 15,31 12,23 8,23 8,23 8,21 4,21 4,21 4,21 4,21 4,21 7,19 5,19 9,16 6,15 2,15 2,15 3,15 3,15 2,15 3,14 0,14 0,14 0,13 11,11 10
99 20,81 19,70 21,68 22,64 18,56 14,55 17,51 13,50 16,45 15,36 8,36 12,32 9,31 7,27 11,25 6,24 10,23 5,19 0,16 4,15 1,4 3
97 20,79 19,69 21,65 22,62 18,53 17,52 14,48 13,46 16,42 15,34 8,33 12,30 9,29 7,26 11,22 0,22 6,22 10,20 5,15 1,13 4,13 4,13 4,13 4,13 4,4 2,4 2,4 2
92 20,74 19,67 21,57 22,56 18,46 17,43 14,39 13,35 16,33 0,31 8,31 15,28 9,28 11,25 7,24 12,23 10,21 1,19 6,16 2,16 2,16 2,13 3,12 5
80 20,61 19,55 21,46 22,44 18,34 17,33 0,33 0,33 0,33 14,28 13,26 16,23 2,23 2,23 2,22 15,20 3,20 3,20 8,20 8,20 3,20 8,20 11,19 1,17 9,14 7,14 10,13 12,12 4,12 4,12 4,12 4,12 4,8 6
75 20,57 19,49 21,43 22,40 18,33 14,31 17,30 0,30 0,30 0,29 16,26 13,25 2,25 2,25 2,24 15,22 3,22 3,22 3,19 4,19 4,19 4,19 4,19 4,16 1,15 12,13 8,13 8,13 8,12 11,9 9,8 5,7 7,7 10
68 20,50 19,41 21,37 22,34 0,34 0,34 0,33 18,31 2,31 2,31 2,29 3,29 3,29 3,29 14,28 16,25 4,25 4,25 4,25 4,25 4,24 17,23 15,22 13,21 1,15 12,14 5,11 11,10 10,7 6,6 8,6 8,6 8,4 9
64 20,46 19,36 2,36 2,36 2,36 21,35 0,35 0,35 0,35 22,34 3,34 3,34 3,31 4,31 4,31 4,31 4,31 4,31 16,30 14,30 18,27 15,23 1,23 13,22 17,20 5,20 12,13 6,12 10,11 11,6 7,4 9
68 20,50 19,40 21,38 22,33 18,32 2,32 2,32 0,32 0,32 0,32 2,32 14,31 16,30 3,30 3,30 3,28 4,28 4,28 4,28 4,28 4,26 15,25 17,24 13,19 1,19 12,17 5,9 6,9 11,8 10,4 8,4 8,4 7,4 8
76 20,58 19,47 21,46 22,41 18,38 14,36 16,33 17,31 13,31 15,24 2,24 2,24 0,24 0,24 0,24 2,23 4,23 4,23 4,23 4,23 4,22 3,22 3,22 3,22 12,14 5,12 8,12 8,12 8,11 1,10 7,8 9,7 6,5 11
73 20,56 19,46 22,44 21,40 14,40 18,39 16,34 15,33 13,33 17,28 4,28 4,28 4,28 4,28 4,27 2,27 2,27 2,26 3,26 3,26 3,26 12,24 0,24 0,24 0,20 5,13 1,12 6,11 8,11 8,11 7,11 8,9 9,5 10
70 20,51 19,50 21,45 0,45 0,45 0,36 2,36 2,36 2,34 18,34 22,33 3,33 3,33 3,31 1,26 11,24 4,24 4,24 4,24 4,24 4,24 17,22 10,20 8,20 8,20 8,19 9,19 14,16 13,15 6,15 7,14 16,13 5,9 15
56 0,56 0,56 0,55 20,51 2,51 2,51 2,48 3,48 3,48 3,42 1,39 4,39 4,39 4,39 4,39 4,39 21,36 19,33 11,31 10,28 5,26 6,24 9,23 8,23 8,23 8,22 7,19 18,18 22,16 12,14 16,12 15,11 17,8 14
63 0,63 0,63 0,56 2,56 2,56 2,56 20,52 3,52 3,52 3,48 1,45 21,43 4,43 4,43 4,43 4,43 4,40 11,38 10,38 19,33 5,33 6,32 9,30 8,30 8,30 8,29 7,23 18,19 12,18 22,16 17,12 15,10 16,8 13
66 20,54 0,54 0,54 0,50 21,48 19,45 2,45 2,45 2,42 3,42 3,42 3,40 1,34 11,31 4,31 4,31 4,31 4,31 4,31 10,31 18,29 22,27 8,27 8,27 8,26 9,24 6,23 7,23 17,22 5,12 13,12 14,9 12,5 16
66 20,59 0,59 0,59 0,53 21,50 2,50 2,50 2,49 19,46 3,46 3,46 3,45 1,39 11,36 10,35 4,35 4,35 4,35 4,35 4,32 18,31 8,31 8,31 8,31 9,29 6,28 7,28 22,26 5,24 17,14 12,14 13,10 14,5 15
57 0,57 0,57 0,55 2,55 2,55 2,53 3,53 3,53 3,46 4,46 4,46 4,46 4,46 4,46 20,44 1,34 5,33 10,33 11,31 6,29 21,28 19,25 9,24 7,24 12,24 16,23 15,22 8,22 8,22 8,16 14,13 22,11 13,9 18
64 2,64 2,64 0,64 0,64 0,64 2,62 3,62 3,62 3,56 4,56 4,56 4,56 4,56 4,53 1,44 5,41 10,40 6,40 11,36 20,34 12,33 7,33 9,32 16,31 15,30 8,30 8,30 8,23 14,23 21,19 13,18 19,10 22,9 17
81 2,81 2,81 2,80 0,80 0,80 0,79 3,79 3,79 3,74 4,74 4,74 4,74 4,74 4,69 1,61 5,58 10,57 6,56 11,51 12,50 7,50 9,49 16,48 15,46 8,46 8,46 8,38 14,36 13,28 17,23 21,21 22,19 20,18 18
99 2,99 2,99 2,97 3,97 3,97 3,96 0,96 0,96 0,92 4,92 4,92 4,92 4,92 4,81 1,80 5,76 10,75 6,73 11,70 12,68 7,68 9,66 15,66 16,64 8,64 8,64 8,56 14,55 13,46 17,38 22,36 18,33 21,19 19
70 2,70 2,70 2,69 3,69 3,69 3,67 4,67 4,67 4,67 4,67 4,64 0,64 0,64 0,56 1,55 5,53 16,50 12,50 15,49 6,47 10,45 14,44 11,41 7,40 9,39 13,36 8,36 8,36 8,33 20,32 22,29 17,23 18,23 19
70 0,70 0,70 0,68 2,68 2,68 2,65 3,65 3,65 3,58 1,57 4,57 4,57 4,57 4,57 4,46 5,46 10,46 11,43 6,38 9,38 20,37 7,35 8,35 8,35 8,34 12,32 21,29 15,28 16,21 19,18 13,18 14,13 17,10 18
20 2 21 3 18 4 17 13 5 9 7 6 8 12 10 15 11 14 1 16 22 0 19
919
