Mercadona
FONT/views/icons/Mercadona.png
6
"Patata" "Patata blanca del pirineu" 3.1 "DATA/icones/productes/patata.png"
"Pollastre" "Pit de pollastre" 8.2 "DATA/icones/productes/pollastre.jpg"
"Vinagre" "Vinagre balsàmic de mòdena" 2.3 "DATA/icones/productes/vinagre.png"
"Tomàquet" "Tomàquet de pera" 1.5 "DATA/icones/productes/tomaquet.jpg"
"Enciam" "Enciam iceberg" 1.2 "DATA/icones/productes/enciam.png"
"Arròs" "Arròs integral" 1.3 "DATA/icones/productes/arros.jpg"
-1 12 23 34 12 12
12 -1 45 56 34 34
23 45 -1 78 56 56
34 56 78 -1 78 78
12 34 56 78 -1 89
12 34 56 78 89 -1
34 3,23 2,12 1,12 4,12 5
56 3,45 2,34 4,34 5,12 0
78 3,56 4,56 5,45 1,23 0
78 2,78 4,78 5,56 1,34 0
89 5,78 3,56 2,34 1,12 0
89 4,78 3,56 2,34 1,12 0
0 1 2 3 4 5
314
